Stripes Index: 0.0
1.56  0.00  0.00  0.00  0.00  0.00  0.00  0.00  0.00  0.00  0.00  0.00  0.00  0.00  0.00  0.00  0.00  0.00  0.00  0.00  0.00  0.00  0.00  0.00  0.00  0.00  0.00  0.00  0.00  0.00  0.00  0.00  0.00  0.00  0.00  0.00  0.00
0.00  1.80  0.65  0.12  0.15  0.42  0.91  0.00  0.00  0.00  0.00  0.00  0.00  0.00  0.00  0.00  0.00  0.00  0.00  0.00  0.00  0.00  0.00  0.00  0.00  0.00  0.00  0.00  0.00  0.00  0.00  0.00  0.00  0.00  0.00  0.00  0.00
0.00  0.00  2.50  1.30  0.14  -0.14  -0.06  -0.11  0.00  0.07  0.19  0.58  1.29  0.00  0.00  0.00  0.00  0.00  0.00  0.00  0.00  0.00  0.00  0.00  0.00  0.00  0.00  0.00  0.00  0.00  0.00  0.00  0.00  0.00  0.00  0.00  0.00
0.00  0.00  0.00  3.54  2.12  0.34  -0.15  -0.22  -0.27  -0.17  -0.35  -0.31  -0.37  -0.28  -0.24  0.12  0.46  1.05  2.06  0.00  0.00  0.00  0.00  0.00  0.00  0.00  0.00  0.00  0.00  0.00  0.00  0.00  0.00  0.00  0.00  0.00  0.00
0.00  0.00  0.00  0.00  6.18  4.25  1.80  -1.34  -0.52  -2.05  -2.42  -2.18  -1.79  -2.08  -2.11  -1.22  -1.43  -0.94  -0.94  -0.73  -0.38  0.38  1.40  2.48  3.88  0.00  0.00  0.00  0.00  0.00  0.00  0.00  0.00  0.00  0.00  0.00  0.00
0.00  0.00  0.00  0.00  0.00  23.93  15.55  8.82  -1.07  -7.75  -16.41  -15.25  -14.31  -13.72  -12.43  -11.48  -10.47  -9.56  -8.48  -7.46  -6.59  -5.27  -4.62  -3.56  -2.38  -1.12  -0.13  2.46  5.04  6.88  9.18  0.00  0.00  0.00  0.00  0.00  0.00
0.00  0.00  0.00  0.00  0.00  0.00  0.00  0.00  0.00  0.00  0.00  0.00  0.00  0.00  0.00  0.00  0.00  0.00  0.00  0.00  0.00  0.00  0.00  0.00  0.00  0.00  0.00  0.00  0.00  0.00  0.00  0.00  0.00  0.00  0.00  0.00  0.00

Stripes Index: 1.0
2.43  0.00  0.00  0.00  0.00  0.00  0.00  0.00  0.00  0.00  0.00  0.00  0.00  0.00  0.00  0.00  0.00  0.00  0.00  0.00  0.00  0.00  0.00  0.00  0.00  0.00  0.00  0.00  0.00  0.00  0.00  0.00  0.00  0.00  0.00  0.00  0.00
0.00  2.76  1.22  0.50  0.24  0.39  1.00  0.00  0.00  0.00  0.00  0.00  0.00  0.00  0.00  0.00  0.00  0.00  0.00  0.00  0.00  0.00  0.00  0.00  0.00  0.00  0.00  0.00  0.00  0.00  0.00  0.00  0.00  0.00  0.00  0.00  0.00
0.00  0.00  3.64  1.85  0.65  0.16  0.17  -0.11  -0.01  0.01  0.24  0.61  1.24  0.00  0.00  0.00  0.00  0.00  0.00  0.00  0.00  0.00  0.00  0.00  0.00  0.00  0.00  0.00  0.00  0.00  0.00  0.00  0.00  0.00  0.00  0.00  0.00
0.00  0.00  0.00  5.81  3.24  1.03  0.15  -0.04  -0.32  -0.25  -0.20  -0.17  -0.27  -0.38  -0.04  0.10  0.54  0.80  2.11  0.00  0.00  0.00  0.00  0.00  0.00  0.00  0.00  0.00  0.00  0.00  0.00  0.00  0.00  0.00  0.00  0.00  0.00
0.00  0.00  0.00  0.00  12.86  6.38  3.43  -0.18  -1.16  -2.97  -2.41  -2.01  -1.57  -1.58  -1.32  -1.50  -1.37  -1.09  -0.99  -0.83  -0.38  0.25  1.28  2.29  3.89  0.00  0.00  0.00  0.00  0.00  0.00  0.00  0.00  0.00  0.00  0.00  0.00
0.00  0.00  0.00  0.00  0.00  35.91  27.43  16.28  3.07  -5.33  -16.58  -15.49  -14.50  -13.67  -12.44  -11.50  -10.50  -9.34  -8.57  -7.56  -6.61  -5.65  -4.38  -3.60  -2.27  -1.08  0.35  2.16  4.67  7.45  9.99  0.00  0.00  0.00  0.00  0.00  0.00
0.00  0.00  0.00  0.00  0.00  0.00  0.00  0.00  0.00  0.00  0.00  0.00  0.00  0.00  0.00  0.00  0.00  0.00  0.00  0.00  0.00  0.00  0.00  0.00  0.00  0.00  0.00  0.00  0.00  0.00  0.00  0.00  0.00  0.00  0.00  0.00  0.00

Stripes Index: 2.0
0.00  0.00  0.00  0.00  0.00  0.00  0.00  0.00  0.00  0.00  0.00  0.00  0.00  0.00  0.00  0.00  0.00  0.00  0.00  0.00  0.00  0.00  0.00  0.00  0.00  0.00  0.00  0.00  0.00  0.00  0.00  0.00  0.00  0.00  0.00  0.00  0.00
0.00  0.00  0.00  0.00  0.00  -0.15  0.00  0.00  0.00  0.00  0.00  0.00  0.00  0.00  0.00  0.00  0.00  0.00  0.00  0.00  0.00  0.00  0.00  0.00  0.00  0.00  0.00  0.00  0.00  0.00  0.00  0.00  0.00  0.00  0.00  0.00  0.00
0.00  0.00  0.00  0.00  0.00  0.00  -0.20  0.00  0.00  0.00  -0.16  0.00  0.01  0.00  0.00  0.00  0.00  0.00  0.00  0.00  0.00  0.00  0.00  0.00  0.00  0.00  0.00  0.00  0.00  0.00  0.00  0.00  0.00  0.00  0.00  0.00  0.00
0.00  0.00  0.00  0.00  0.00  0.00  0.00  0.00  -0.19  0.00  -0.05  -0.16  -0.15  -0.06  0.00  0.00  -0.08  0.02  0.04  0.00  0.00  0.00  0.00  0.00  0.00  0.00  0.00  0.00  0.00  0.00  0.00  0.00  0.00  0.00  0.00  0.00  0.00
0.00  0.00  0.00  0.00  0.00  0.01  0.00  -0.13  0.00  -0.31  -0.21  -0.25  -0.18  -0.34  -0.39  -0.41  -0.36  -0.26  -0.38  -0.24  -0.12  -0.08  -0.04  0.16  0.12  0.00  0.00  0.00  0.00  0.00  0.00  0.00  0.00  0.00  0.00  0.00  0.00
0.00  0.00  0.00  0.00  0.00  0.80  0.92  2.46  0.00  -0.38  -0.52  -0.58  -0.96  -1.16  -1.12  -1.04  -1.14  -1.07  -1.09  -1.09  -1.08  -1.04  -0.94  -0.66  -0.56  -0.32  0.39  0.13  1.28  1.25  0.92  0.00  0.00  0.00  0.00  0.00  0.00
0.00  0.00  0.00  0.00  0.00  0.00  0.00  0.00  0.00  0.00  0.00  0.00  0.00  0.00  0.00  0.00  0.00  0.00  0.00  0.00  0.00  0.00  0.00  0.00  0.00  0.00  0.00  0.00  0.00  0.00  0.00  0.00  0.00  0.00  0.00  0.00  0.00

